FMM
precision: 0.9778017965567493
recall: 0.9704524600805923
F:0.9741132664866086
BMM
precision: 0.9797931879053828
recall: 0.9724052942314706
F:0.9760852617078657
